13 10
16 10
21 10
26 10
32 10
37 10
42 10
48 10
53 10
57 12
62 12
65 14
67 14
68 15
71 17
73 17
76 20
77 21
81 24
84 26
87 28
89 30
93 34
95 36
98 38
99 42
101 44
104 48
105 53
106 55
106 60
108 64
109 70
110 77
110 82
110 90
110 98
110 106
110 113
110 120
107 126
107 131
104 134
101 137
98 139
96 142
91 145
89 147
83 149
80 150
74 152
71 152
70 154
67 154
64 155
60 157
58 157
54 159
49 162
45 164
40 165
36 168
34 169
32 172
32 173
32 174
32 177
32 179
32 181
35 182
36 182
37 184
41 185
42 185
43 187
45 187
48 187
49 187
50 187
53 187
57 184
59 184
63 179
69 175
75 171
85 167
91 164
98 159
104 155
110 151
116 147
124 141
129 136
136 131
140 126
142 123
145 121
146 117
146 112
146 106
146 101
146 98
146 95
146 92
145 90
143 87
142 85
141 85
139 81
138 80
136 78
134 77
133 77
130 75
127 74
125 73
125 72
123 72
122 71
119 71
118 70
116 69
114 68
110 67
107 67
106 67
104 67
103 67
102 67
101 67
99 67
93 66
87 64
80 61
77 59
76 59
75 58
71 59
66 62
63 64
61 64
59 66
58 67
57 68
56 71
53 75
53 78
51 84
49 89
47 98
45 106
45 114
45 122
45 133
45 141
45 146
47 151
51 154
52 154
53 156
57 156
59 156
65 156
72 151
76 145
85 137
94 128
104 118
112 111
121 105
133 95
143 86
150 80
161 73
167 69
172 69
173 67
174 67
176 68
178 73
181 83
184 94
186 105
188 114
188 124
188 133
188 138
188 144
188 151
187 154
184 156
183 158
181 160
179 160
176 160
169 160
161 160
150 160
138 160
125 155
105 148
90 141
80 134
72 125
68 115
61 104
57 95
53 84
52 75
50 68
50 64
50 60
50 57
51 54
52 53
55 50
56 49
59 47
63 46
64 46
67 44
68 44
71 44
74 44
79 44
85 44
89 44
93 44
97 44
101 46
104 47
105 49
107 52
109 55
110 58
110 61
110 65
110 68
110 71
110 73
110 76
110 80
108 81
107 83
104 84
103 85
99 85
95 86
92 86
87 86
82 86
79 86
76 86
72 82
70 81
68 78
65 77
65 71
65 68
65 63
65 58
65 52
65 49
68 44
71 40
80 36
85 33
93 31
99 29
102 29
107 29
110 29
113 29
116 30
121 34
125 38
130 43
134 49
139 57
141 65
144 75
145 82
149 90
151 101
153 110
153 115
153 118
153 123
153 124
153 126
153 128
152 129
151 129
149 130
147 131
143 131
138 131
132 131
128 131
121 131
118 128
116 128
115 126
115 125
